0.000000 0.000000 5.040000
0.000000 0.000000 5.040000
0.000000 0.000000 5.040000
0.000000 0.000000 5.040000
-0.000000 0.000000 5.040000
-0.000000 0.000000 5.040000
-0.000000 0.000000 5.040000
-0.000000 -0.000000 5.040000
-0.000000 -0.000000 5.040000
-0.000000 -0.000000 5.040000
0.000000 -0.000000 5.040000
0.000000 -0.000000 5.040000
0.000000 -0.000000 5.040000
1.047875 0.000000 4.929864
0.927847 0.486972 4.929864
0.595261 0.862384 4.929864
0.126307 1.040235 4.929864
-0.371582 0.979780 4.929864
-0.784346 0.694870 4.929864
-1.017426 0.250773 4.929864
-1.017426 -0.250773 4.929864
-0.784346 -0.694870 4.929864
-0.371582 -0.979780 4.929864
0.126307 -1.040235 4.929864
0.595261 -0.862384 4.929864
0.927847 -0.486972 4.929864
2.049953 0.000000 4.604269
1.815143 0.952661 4.604269
1.164506 1.687078 4.604269
0.247095 2.035006 4.604269
-0.726923 1.916739 4.604269
-1.534412 1.359370 4.604269
-1.990385 0.490586 4.604269
-1.990385 -0.490586 4.604269
-1.534412 -1.359370 4.604269
-0.726924 -1.916739 4.604269
0.247095 -2.035006 4.604269
1.164505 -1.687078 4.604269
1.815143 -0.952661 4.604269
2.962438 0.000000 4.077446
2.623108 1.376713 4.077446
1.682856 2.438038 4.077446
0.357082 2.940838 4.077446
-1.050495 2.769928 4.077446
-2.217417 1.964460 4.077446
-2.876355 0.708958 4.077446
-2.876355 -0.708958 4.077446
-2.217417 -1.964459 4.077446
-1.050495 -2.769927 4.077446
0.357083 -2.940838 4.077446
1.682856 -2.438039 4.077446
2.623108 -1.376714 4.077446
3.745450 0.000000 3.372418
3.316431 1.740597 3.372418
2.127658 3.082445 3.372418
0.451464 3.718141 3.372418
-1.328155 3.502057 3.372418
-2.803510 2.483693 3.372418
-3.636614 0.896345 3.372418
-3.636614 -0.896345 3.372418
-2.803510 -2.483693 3.372418
-1.328155 -3.502057 3.372418
0.451464 -3.718141 3.372418
2.127657 -3.082445 3.372418
3.316431 -1.740597 3.372418
4.364768 0.000000 2.520000
3.864810 2.028409 2.520000
2.479471 3.592134 2.520000
0.526115 4.332944 2.520000
-1.547768 4.081129 2.520000
-3.267076 2.894377 2.520000
-4.237936 1.044557 2.520000
-4.237936 -1.044557 2.520000
-3.267076 -2.894376 2.520000
-1.547769 -4.081129 2.520000
0.526115 -4.332944 2.520000
2.479470 -3.592134 2.520000
3.864810 -2.028409 2.520000
4.793325 0.000000 1.557446
4.244278 2.227569 1.557446
2.722919 3.944829 1.557446
0.577771 4.758376 1.557446
-1.699736 4.481837 1.557446
-3.587855 3.178562 1.557446
-4.654040 1.147118 1.557446
-4.654040 -1.147117 1.557446
-3.587856 -3.178562 1.557446
-1.699737 -4.481836 1.557446
0.577772 -4.758376 1.557446
2.722918 -3.944830 1.557446
4.244278 -2.227569 1.557446
5.012391 0.000000 0.526823
4.438251 2.329374 0.526823
2.847363 4.125116 0.526823
0.604177 4.975844 0.526823
-1.777418 4.686667 0.526823
-3.751828 3.323830 0.526823
-4.866740 1.199544 0.526823
-4.866740 -1.199543 0.526823
-3.751829 -3.323829 0.526823
-1.777419 -4.686666 0.526823
0.604177 -4.975844 0.526823
2.847362 -4.125117 0.526823
4.438251 -2.329374 0.526823
5.012391 0.000000 -0.526824
4.438251 2.329374 -0.526824
2.847363 4.125116 -0.526824
0.604177 4.975844 -0.526824
-1.777418 4.686667 -0.526824
-3.751828 3.323830 -0.526824
-4.866740 1.199544 -0.526824
-4.866740 -1.199543 -0.526824
-3.751829 -3.323829 -0.526824
-1.777419 -4.686666 -0.526824
0.604177 -4.975844 -0.526824
2.847362 -4.125117 -0.526824
4.438251 -2.329374 -0.526824
4.793324 0.000000 -1.557446
4.244278 2.227569 -1.557446
2.722919 3.944829 -1.557446
0.577771 4.758376 -1.557446
-1.699736 4.481836 -1.557446
-3.587855 3.178562 -1.557446
-4.654039 1.147118 -1.557446
-4.654039 -1.147117 -1.557446
-3.587855 -3.178562 -1.557446
-1.699737 -4.481836 -1.557446
0.577772 -4.758376 -1.557446
2.722918 -3.944829 -1.557446
4.244278 -2.227569 -1.557446
4.364768 0.000000 -2.520000
3.864810 2.028409 -2.520000
2.479471 3.592134 -2.520000
0.526115 4.332944 -2.520000
-1.547768 4.081129 -2.520000
-3.267076 2.894377 -2.520000
-4.237936 1.044557 -2.520000
-4.237936 -1.044557 -2.520000
-3.267076 -2.894376 -2.520000
-1.547769 -4.081129 -2.520000
0.526115 -4.332944 -2.520000
2.479470 -3.592134 -2.520000
3.864810 -2.028409 -2.520000
3.745450 0.000000 -3.372419
3.316431 1.740597 -3.372419
2.127658 3.082445 -3.372419
0.451464 3.718141 -3.372419
-1.328155 3.502057 -3.372419
-2.803509 2.483693 -3.372419
-3.636614 0.896345 -3.372419
-3.636614 -0.896345 -3.372419
-2.803510 -2.483692 -3.372419
-1.328155 -3.502056 -3.372419
0.451464 -3.718141 -3.372419
2.127657 -3.082445 -3.372419
3.316431 -1.740597 -3.372419
2.962437 0.000000 -4.077446
2.623108 1.376713 -4.077446
1.682856 2.438038 -4.077446
0.357082 2.940838 -4.077446
-1.050495 2.769927 -4.077446
-2.217416 1.964459 -4.077446
-2.876354 0.708958 -4.077446
-2.876354 -0.708958 -4.077446
-2.217417 -1.964459 -4.077446
-1.050495 -2.769927 -4.077446
0.357083 -2.940838 -4.077446
1.682856 -2.438039 -4.077446
2.623108 -1.376713 -4.077446
2.049952 0.000000 -4.604269
1.815143 0.952660 -4.604269
1.164506 1.687078 -4.604269
0.247094 2.035006 -4.604269
-0.726923 1.916739 -4.604269
-1.534411 1.359370 -4.604269
-1.990384 0.490586 -4.604269
-1.990384 -0.490586 -4.604269
-1.534411 -1.359370 -4.604269
-0.726923 -1.916739 -4.604269
0.247095 -2.035006 -4.604269
1.164505 -1.687078 -4.604269
1.815143 -0.952660 -4.604269
1.047874 0.000000 -4.929864
0.927847 0.486972 -4.929864
0.595261 0.862384 -4.929864
0.126307 1.040234 -4.929864
-0.371581 0.979780 -4.929864
-0.784345 0.694869 -4.929864
-1.017425 0.250773 -4.929864
-1.017425 -0.250773 -4.929864
-0.784345 -0.694869 -4.929864
-0.371582 -0.979780 -4.929864
0.126307 -1.040234 -4.929864
0.595260 -0.862384 -4.929864
0.927847 -0.486972 -4.929864
-0.000000 -0.000000 -5.040000
-0.000000 -0.000000 -5.040000
-0.000000 -0.000000 -5.040000
-0.000000 -0.000000 -5.040000
0.000000 -0.000000 -5.040000
0.000000 -0.000000 -5.040000
0.000000 -0.000000 -5.040000
0.000000 0.000000 -5.040000
0.000000 0.000000 -5.040000
0.000000 0.000000 -5.040000
-0.000000 0.000000 -5.040000
-0.000000 0.000000 -5.040000
-0.000000 0.000000 -5.040000
